    0 -    33     286     286
   33 -     9     289     575
    9 -    32      76     651
   32 -    35     285     936
   35 -     8     377    1313
    8 -     7     302    1615
    7 -     1     331    1946
    1 -    21     413    2359
   21 -    30     443    2802
   30 -    36     306    3108
   36 -    19     310    3418
   19 -    24     324    3742
   24 -    38     209    3951
   38 -    29     291    4242
   29 -    28     141    4383
   28 -    11     309    4692
   11 -    34     316    5008
   34 -    23     420    5428
   23 -     2     366    5794
    2 -    31     363    6157
   31 -    37     378    6535
   37 -     4     250    6785
    4 -    17     279    7064
   17 -    22     252    7316
   22 -    26     228    7544
   26 -     6     271    7815
    6 -    14     414    8229
   14 -    20     301    8530
   20 -    39       0    8530
   39 -    27       0    8530
   27 -    13     300    8830
   13 -    15     260    9090
   15 -    16     306    9396
   16 -    18     339    9735
   18 -    12     303   10038
   12 -     5     346   10384
    5 -    25     276   10660
   25 -    10     187   10847
   10 -     3     327   11174
    3 -     0     304   11478
