    0 -    33     286     286
   33 -     9     288     574
    9 -    39       0     574
   39 -    32       0     574
   32 -    35     285     859
   35 -     8     380    1239
    8 -     7     301    1540
    7 -     1     331    1871
    1 -    21     413    2284
   21 -    30     443    2727
   30 -    36     306    3033
   36 -    19     310    3343
   19 -    24     324    3667
   24 -    38     209    3876
   38 -    29     291    4167
   29 -    28     141    4308
   28 -    11     308    4616
   11 -    34     316    4932
   34 -    23     419    5351
   23 -     2     366    5717
    2 -    31     363    6080
   31 -    37     378    6458
   37 -     4     249    6707
    4 -    17     279    6986
   17 -    22     252    7238
   22 -    26     228    7466
   26 -     6     271    7737
    6 -    14     413    8150
   14 -    20     301    8451
   20 -    27     100    8551
   27 -    13     300    8851
   13 -    15     260    9111
   15 -    16     306    9417
   16 -    18     339    9756
   18 -    12     303   10059
   12 -     5     346   10405
    5 -    25     276   10681
   25 -    10     187   10868
   10 -     3     327   11195
    3 -     0     304   11499
