    0 -     3     304     304
    3 -    10     327     631
   10 -    25     187     818
   25 -     5     276    1094
    5 -    12     346    1440
   12 -    18     303    1743
   18 -    16     339    2082
   16 -    15     306    2388
   15 -    13     260    2648
   13 -    27     300    2948
   27 -    20     100    3048
   20 -    14     301    3349
   14 -     6     413    3762
    6 -    26     271    4033
   26 -    22     228    4261
   22 -    17     252    4513
   17 -     4     279    4792
    4 -    37     249    5041
   37 -    31     378    5419
   31 -     2     363    5782
    2 -    23     366    6148
   23 -    34     419    6567
   34 -    11     316    6883
   11 -    28     308    7191
   28 -    29     141    7332
   29 -    38     291    7623
   38 -    24     209    7832
   24 -    19     324    8156
   19 -    36     310    8466
   36 -    30     306    8772
   30 -    21     443    9215
   21 -     1     413    9628
    1 -     7     331    9959
    7 -     8     301   10260
    8 -    35     380   10640
   35 -    32     285   10925
   32 -    39       0   10925
   39 -     9       0   10925
    9 -    33     288   11213
   33 -     0     286   11499
