    0 -     3     304     304
    3 -    10     327     631
   10 -    25     187     818
   25 -     5     276    1094
    5 -    12     346    1440
   12 -    18     303    1743
   18 -    16     339    2082
   16 -    15     306    2388
   15 -    13     260    2648
   13 -    27     300    2948
   27 -    39       0    2948
   39 -    20       0    2948
   20 -    14     301    3249
   14 -     6     414    3663
    6 -    26     271    3934
   26 -    22     228    4162
   22 -    17     252    4414
   17 -     4     279    4693
    4 -    37     250    4943
   37 -    31     378    5321
   31 -     2     363    5684
    2 -    23     366    6050
   23 -    34     420    6470
   34 -    11     316    6786
   11 -    28     309    7095
   28 -    29     141    7236
   29 -    38     291    7527
   38 -    24     209    7736
   24 -    19     324    8060
   19 -    36     310    8370
   36 -    30     306    8676
   30 -    21     443    9119
   21 -     1     413    9532
    1 -     7     331    9863
    7 -     8     302   10165
    8 -    35     377   10542
   35 -    32     285   10827
   32 -     9      76   10903
    9 -    33     289   11192
   33 -     0     286   11478
