    0 -    26     185     185
   26 -    43     244     429
   43 -    28     313     742
   28 -    60     335    1077
   60 -    58     312    1389
   58 -    41     259    1648
   41 -    50     242    1890
   50 -    42     309    2199
   42 -    61     320    2519
   61 -    46     305    2824
   46 -    59     273    3097
   59 -    32     221    3318
   32 -    10     244    3562
   10 -     1     309    3871
    1 -     6     354    4225
    6 -    30     196    4421
   30 -    36     212    4633
   36 -    19     184    4817
   19 -    34     269    5086
   34 -    11     385    5471
   11 -    21     344    5815
   21 -    39     250    6065
   39 -    47     420    6485
   47 -    31     274    6759
   31 -     9     290    7049
    9 -     2     296    7345
    2 -    63     289    7634
   63 -     4     133    7767
    4 -    23     138    7905
   23 -    15     240    8145
   15 -     7     356    8501
    7 -    16     284    8785
   16 -    27     281    9066
   27 -    35     287    9353
   35 -    53     259    9612
   53 -    37     327    9939
   37 -    12     294   10233
   12 -    17     369   10602
   17 -    38     263   10865
   38 -    66       0   10865
   66 -    51       0   10865
   51 -    25     261   11126
   25 -    56     191   11317
   56 -    52     322   11639
   52 -    44     284   11923
   44 -    13     268   12191
   13 -    54     268   12459
   54 -    14     251   12710
   14 -    48     317   13027
   48 -    40     324   13351
   40 -    33     288   13639
   33 -     5     302   13941
    5 -    57     277   14218
   57 -    49     289   14507
   49 -    22     298   14805
   22 -    64     242   15047
   64 -     8     336   15383
    8 -    65     306   15689
   65 -    55     307   15996
   55 -    45     357   16353
   45 -    62     282   16635
   62 -    24     259   16894
   24 -    18     267   17161
   18 -     3     347   17508
    3 -    20     265   17773
   20 -    29     260   18033
   29 -     0     264   18297
