    0 -    26     185     185
   26 -    43     243     428
   43 -    28     312     740
   28 -    60     327    1067
   60 -    58     312    1379
   58 -    41     260    1639
   41 -    50     242    1881
   50 -    42     309    2190
   42 -    61     320    2510
   61 -    46     305    2815
   46 -    59     274    3089
   59 -    32     221    3310
   32 -    10     244    3554
   10 -     1     310    3864
    1 -     6     354    4218
    6 -    30     196    4414
   30 -    36     212    4626
   36 -    19     185    4811
   19 -    34     269    5080
   34 -    11     385    5465
   11 -    21     344    5809
   21 -    39     251    6060
   39 -    47     420    6480
   47 -    31     274    6754
   31 -     9     290    7044
    9 -     2     297    7341
    2 -    63     290    7631
   63 -     4     134    7765
    4 -    23     138    7903
   23 -    15     240    8143
   15 -     7     356    8499
    7 -    16     285    8784
   16 -    27     281    9065
   27 -    35     287    9352
   35 -    53     260    9612
   53 -    37     327    9939
   37 -    12     294   10233
   12 -    17     368   10601
   17 -    38     263   10864
   38 -    66       0   10864
   66 -    51       0   10864
   51 -    25     262   11126
   25 -    56     191   11317
   56 -    52     322   11639
   52 -    44     284   11923
   44 -    54     293   12216
   54 -    13     268   12484
   13 -    14     226   12710
   14 -    48     317   13027
   48 -    40     324   13351
   40 -    33     288   13639
   33 -    57     289   13928
   57 -     5     278   14206
    5 -    49     302   14508
   49 -    22     298   14806
   22 -    64     242   15048
   64 -     8     337   15385
    8 -    65     307   15692
   65 -    55     307   15999
   55 -    45     357   16356
   45 -    62     282   16638
   62 -    24     259   16897
   24 -    18     267   17164
   18 -     3     347   17511
    3 -    20     265   17776
   20 -    29     261   18037
   29 -     0     264   18301
