    0 -    29     260     260
   29 -    18     262     522
   18 -    66     398     920
   66 -    26     309    1229
   26 -    28     309    1538
   28 -    43     334    1872
   43 -    58     281    2153
   58 -    60     320    2473
   60 -    41     261    2734
   41 -    50     234    2968
   50 -    61     331    3299
   61 -    46     344    3643
   46 -    42     375    4018
   42 -    59     327    4345
   59 -    32     267    4612
   32 -    10     307    4919
   10 -     1     307    5226
    1 -     6     411    5637
    6 -    30     338    5975
   30 -    36     319    6294
   36 -    21     288    6582
   21 -    11     469    7051
   11 -    34     460    7511
   34 -    19     261    7772
   19 -    38     152    7924
   38 -    17     251    8175
   17 -    12     355    8530
   12 -    53     387    8917
   53 -    37     345    9262
   37 -    35     289    9551
   35 -    16     183    9734
   16 -     7     286   10020
    7 -    27     406   10426
   27 -    15     454   10880
   15 -    23     340   11220
   23 -     4     206   11426
    4 -     2     264   11690
    2 -    63     297   11987
   63 -    47     232   12219
   47 -    39     520   12739
   39 -     9     470   13209
    9 -    31     298   13507
   31 -    67     271   13778
   67 -    68       0   13778
   68 -    51       0   13778
   51 -    25     250   14028
   25 -    56     227   14255
   56 -    52     320   14575
   52 -    13     252   14827
   13 -    54     260   15087
   54 -    44     302   15389
   44 -    14     375   15764
   14 -    48     437   16201
   48 -    40     364   16565
   40 -    33     375   16940
   33 -    49     417   17357
   49 -    57     296   17653
   57 -     5     266   17919
    5 -    22     319   18238
   22 -    64     282   18520
   64 -     8     438   18958
    8 -    45     453   19411
   45 -    55     441   19852
   55 -    65     327   20179
   65 -    62     233   20412
   62 -    24     247   20659
   24 -     3     280   20939
    3 -    20     255   21194
   20 -     0     249   21443
