    0 -    20     249     249
   20 -     3     255     504
    3 -    24     280     784
   24 -    62     247    1031
   62 -    65     233    1264
   65 -    55     327    1591
   55 -    45     441    2032
   45 -     8     453    2485
    8 -    64     438    2923
   64 -    22     282    3205
   22 -     5     319    3524
    5 -    57     266    3790
   57 -    49     296    4086
   49 -    33     417    4503
   33 -    40     375    4878
   40 -    48     364    5242
   48 -    14     437    5679
   14 -    44     375    6054
   44 -    54     302    6356
   54 -    13     260    6616
   13 -    52     252    6868
   52 -    56     320    7188
   56 -    25     227    7415
   25 -    51     250    7665
   51 -    68       0    7665
   68 -    67       0    7665
   67 -    31     271    7936
   31 -     9     298    8234
    9 -    39     470    8704
   39 -    47     520    9224
   47 -    63     232    9456
   63 -     2     297    9753
    2 -     4     264   10017
    4 -    23     206   10223
   23 -    15     340   10563
   15 -    27     454   11017
   27 -     7     406   11423
    7 -    16     286   11709
   16 -    35     183   11892
   35 -    37     289   12181
   37 -    53     345   12526
   53 -    12     387   12913
   12 -    17     355   13268
   17 -    38     251   13519
   38 -    19     152   13671
   19 -    34     261   13932
   34 -    11     460   14392
   11 -    21     469   14861
   21 -    36     288   15149
   36 -    30     319   15468
   30 -     6     338   15806
    6 -     1     411   16217
    1 -    10     307   16524
   10 -    32     307   16831
   32 -    59     267   17098
   59 -    42     327   17425
   42 -    46     375   17800
   46 -    61     344   18144
   61 -    50     331   18475
   50 -    41     234   18709
   41 -    60     261   18970
   60 -    58     320   19290
   58 -    43     281   19571
   43 -    28     334   19905
   28 -    26     309   20214
   26 -    66     309   20523
   66 -    18     398   20921
   18 -    29     262   21183
   29 -     0     260   21443
