    0 -    20     249     249
   20 -     3     255     504
    3 -    24     281     785
   24 -    62     247    1032
   62 -    65     233    1265
   65 -     8     327    1592
    8 -    45     453    2045
   45 -    55     441    2486
   55 -    64     357    2843
   64 -    22     282    3125
   22 -     5     319    3444
    5 -    57     266    3710
   57 -    49     296    4006
   49 -    33     417    4423
   33 -    40     375    4798
   40 -    48     364    5162
   48 -    14     438    5600
   14 -    44     375    5975
   44 -    54     302    6277
   54 -    13     260    6537
   13 -    52     252    6789
   52 -    56     319    7108
   56 -    25     227    7335
   25 -    51     250    7585
   51 -    68       0    7585
   68 -    38       0    7585
   38 -    17     251    7836
   17 -    12     356    8192
   12 -    53     388    8580
   53 -    37     346    8926
   37 -    35     289    9215
   35 -    16     183    9398
   16 -     7     287    9685
    7 -    27     406   10091
   27 -    15     454   10545
   15 -    23     340   10885
   23 -     4     206   11091
    4 -     2     264   11355
    2 -    63     298   11653
   63 -    31     145   11798
   31 -    67     271   12069
   67 -     9     297   12366
    9 -    39     470   12836
   39 -    47     520   13356
   47 -    11     267   13623
   11 -    21     470   14093
   21 -    34     460   14553
   34 -    19     261   14814
   19 -    36     173   14987
   36 -    30     319   15306
   30 -     6     338   15644
    6 -     1     411   16055
    1 -    10     298   16353
   10 -    32     307   16660
   32 -    59     267   16927
   59 -    42     327   17254
   42 -    46     372   17626
   46 -    61     344   17970
   61 -    50     331   18301
   50 -    41     234   18535
   41 -    60     261   18796
   60 -    58     321   19117
   58 -    43     281   19398
   43 -    28     335   19733
   28 -    26     309   20042
   26 -    66     309   20351
   66 -    18     398   20749
   18 -    29     262   21011
   29 -     0     260   21271
