    0 -     9     111     111
    9 -    39     296     407
   39 -    33     254     661
   33 -    44     326     987
   44 -    11     307    1294
   11 -    47     205    1499
   47 -    41     403    1902
   41 -    24     386    2288
   24 -    38     257    2545
   38 -    19     252    2797
   19 -    36     265    3062
   36 -     6     265    3327
    6 -     1     411    3738
    1 -    23     366    4104
   23 -    35      18    4122
   35 -    28     250    4372
   28 -    17     307    4679
   17 -    13     201    4880
   13 -    40     260    5140
   40 -    22     336    5476
   22 -    18     336    5812
   18 -    14     509    6321
   14 -    34     422    6743
   34 -    29     409    7152
   29 -    43     394    7546
   43 -    12     390    7936
   12 -     5     314    8250
    5 -    45     230    8480
   45 -    37     234    8714
   37 -     2     367    9081
    2 -    32     371    9452
   32 -    27     353    9805
   27 -     4     315   10120
    4 -    15     182   10302
   15 -     7     411   10713
    7 -    25     264   10977
   25 -    16     224   11201
   16 -    20     236   11437
   20 -     8     355   11792
    8 -    42     372   12164
   42 -    30     290   12454
   30 -    21     219   12673
   21 -    26     229   12902
   26 -    48       0   12902
   48 -    10       0   12902
   10 -    46     266   13168
   46 -    31     339   13507
   31 -     3     396   13903
    3 -     0     258   14161
