    0 -     3     258     258
    3 -    31     396     654
   31 -    46     339     993
   46 -    10     266    1259
   10 -    48       0    1259
   48 -    23       0    1259
   23 -     1     366    1625
    1 -     6     411    2036
    6 -    36     265    2301
   36 -    19     265    2566
   19 -    38     252    2818
   38 -    24     256    3074
   24 -    41     385    3459
   41 -    47     403    3862
   47 -    11     205    4067
   11 -    26     146    4213
   26 -    21     229    4442
   21 -    42     279    4721
   42 -    30     290    5011
   30 -     8     311    5322
    8 -    20     355    5677
   20 -    16     236    5913
   16 -    25     224    6137
   25 -     7     265    6402
    7 -    15     411    6813
   15 -     4     182    6995
    4 -    27     315    7310
   27 -    32     353    7663
   32 -    37     306    7969
   37 -     2     366    8335
    2 -    44     375    8710
   44 -    33     326    9036
   33 -     9     255    9291
    9 -    39     296    9587
   39 -    45     244    9831
   45 -     5     230   10061
    5 -    12     313   10374
   12 -    43     390   10764
   43 -    29     394   11158
   29 -    34     409   11567
   34 -    14     422   11989
   14 -    18     508   12497
   18 -    22     336   12833
   22 -    40     336   13169
   40 -    13     260   13429
   13 -    17     201   13630
   17 -    28     310   13940
   28 -    35     250   14190
   35 -     0      43   14233
