    0 -    35      43      43
   35 -    28     250     293
   28 -    17     310     603
   17 -    13     201     804
   13 -    40     260    1064
   40 -    22     336    1400
   22 -    18     336    1736
   18 -    14     508    2244
   14 -    34     422    2666
   34 -    29     409    3075
   29 -    43     394    3469
   43 -    12     390    3859
   12 -     5     313    4172
    5 -    45     230    4402
   45 -    39     244    4646
   39 -     9     296    4942
    9 -    33     255    5197
   33 -    44     326    5523
   44 -     2     375    5898
    2 -    37     366    6264
   37 -    32     306    6570
   32 -    27     353    6923
   27 -     4     315    7238
    4 -    15     182    7420
   15 -     7     411    7831
    7 -    25     265    8096
   25 -    16     224    8320
   16 -    20     236    8556
   20 -     8     355    8911
    8 -    30     311    9222
   30 -    42     290    9512
   42 -    21     279    9791
   21 -    26     229   10020
   26 -    11     146   10166
   11 -    47     205   10371
   47 -    41     403   10774
   41 -    24     385   11159
   24 -    38     256   11415
   38 -    19     252   11667
   19 -    36     265   11932
   36 -     6     265   12197
    6 -     1     411   12608
    1 -    23     366   12974
   23 -    48       0   12974
   48 -    10       0   12974
   10 -    46     266   13240
   46 -    31     339   13579
   31 -     3     396   13975
    3 -     0     258   14233
