    0 -     3     258     258
    3 -    31     396     654
   31 -    46     339     993
   46 -    10     266    1259
   10 -    48       0    1259
   48 -    26       0    1259
   26 -    21     229    1488
   21 -    30     219    1707
   30 -    42     290    1997
   42 -     8     372    2369
    8 -    20     355    2724
   20 -    16     236    2960
   16 -    25     224    3184
   25 -     7     264    3448
    7 -    15     411    3859
   15 -     4     182    4041
    4 -    27     315    4356
   27 -    32     353    4709
   32 -     2     371    5080
    2 -    37     367    5447
   37 -    45     234    5681
   45 -     5     230    5911
    5 -    12     314    6225
   12 -    43     390    6615
   43 -    29     394    7009
   29 -    34     409    7418
   34 -    14     422    7840
   14 -    18     509    8349
   18 -    22     336    8685
   22 -    40     336    9021
   40 -    13     260    9281
   13 -    17     201    9482
   17 -    28     307    9789
   28 -    35     250   10039
   35 -    23      18   10057
   23 -     1     366   10423
    1 -     6     411   10834
    6 -    36     265   11099
   36 -    19     265   11364
   19 -    38     252   11616
   38 -    24     257   11873
   24 -    41     386   12259
   41 -    47     403   12662
   47 -    11     205   12867
   11 -    44     307   13174
   44 -    33     326   13500
   33 -    39     254   13754
   39 -     9     296   14050
    9 -     0     111   14161
